56 54 54 56 52 53 55 55 52 53 54 50 56 52 53 51 54 52 53 56 54 54 52 52 48 52 50 52 53 53 
51 55 53 51 54 54 53 52 55 53 51 53 52 54 52 54 50 55 53 54 55 54 52 50 51 49 52 52 54 54 
53 49 51 53 51 53 53 53 51 52 53 50 54 51 52 52 56 50 54 53 55 52 53 49 49 51 52 54 54 55 
52 51 53 50 55 53 52 51 51 53 49 52 50 53 52 53 53 55 52 53 54 54 50 52 51 50 53 54 54 55 
52 55 52 56 51 52 52 51 51 52 51 51 52 52 52 52 54 51 53 54 52 52 53 52 52 52 53 51 54 53 
54 53 55 52 52 52 51 52 53 50 52 50 54 52 53 51 50 52 51 51 54 52 52 54 51 53 49 54 52 54 
52 52 51 51 52 49 51 51 52 52 50 54 52 54 51 53 51 52 52 52 51 53 54 53 53 49 52 52 52 55 
52 50 52 52 51 52 50 52 52 52 52 52 55 54 54 52 54 52 51 52 52 53 54 53 52 50 51 51 53 53 
50 53 52 54 54 51 52 52 54 52 53 55 54 53 54 53 53 54 54 50 52 52 52 52 50 51 50 52 52 51 
52 52 53 54 54 52 51 54 52 53 52 53 53 54 51 53 53 52 53 53 51 51 51 51 52 50 51 53 52 52 
51 51 52 52 53 52 54 51 54 50 53 51 53 51 51 50 50 55 51 54 50 53 51 52 52 53 53 53 53 53 
51 50 52 52 53 56 52 55 52 54 51 54 50 53 51 49 51 49 55 50 54 50 54 53 55 51 53 55 55 53 
49 52 50 53 54 51 54 54 55 53 54 51 54 52 52 50 50 52 51 52 50 54 53 54 53 55 53 54 53 54 
51 51 53 52 50 52 51 53 55 54 54 53 53 54 52 51 52 52 51 51 53 51 54 53 54 51 53 53 54 51 
53 53 53 52 53 50 52 55 54 55 54 56 54 55 53 51 52 53 54 51 51 53 52 52 51 52 52 53 51 53 
54 54 53 55 52 53 53 55 56 55 56 55 55 53 53 53 53 53 52 53 53 54 52 53 52 53 53 53 52 51 
54 53 54 52 53 55 53 56 55 55 56 52 52 54 53 51 52 54 52 53 54 54 54 53 54 54 54 53 52 50 
53 54 53 52 54 52 56 52 54 53 52 53 52 52 52 53 54 52 53 53 53 55 54 53 54 53 54 53 52 53 
56 54 52 55 52 54 52 53 51 52 52 52 53 54 52 51 52 54 54 51 55 52 54 52 54 53 52 54 55 52 
50 54 54 51 54 53 51 52 50 51 51 53 53 54 51 49 52 54 51 55 51 56 51 55 52 52 53 54 53 56 
